<!DOCTYPE html>
<html>
<head>
    <meta charset="UTF-8">
    <title>Awesome-pyecharts</title>
            <script type="text/javascript" src="https://assets.pyecharts.org/assets/echarts.min.js"></script>

</head>
<body>
    <div id="fe31094ac724458289df4c2bb909dc39" class="chart-container" style="width:900px; height:500px;"></div>
    <script>
        var chart_fe31094ac724458289df4c2bb909dc39 = echarts.init(
            document.getElementById('fe31094ac724458289df4c2bb909dc39'), 'white', {renderer: 'canvas'});
        var option_fe31094ac724458289df4c2bb909dc39 = {
    "animation": true,
    "animationThreshold": 2000,
    "animationDuration": 1000,
    "animationEasing": "cubicOut",
    "animationDelay": 0,
    "animationDurationUpdate": 300,
    "animationEasingUpdate": "cubicOut",
    "animationDelayUpdate": 0,
    "color": [
        "#c23531",
        "#2f4554",
        "#61a0a8",
        "#d48265",
        "#749f83",
        "#ca8622",
        "#bda29a",
        "#6e7074",
        "#546570",
        "#c4ccd3",
        "#f05b72",
        "#ef5b9c",
        "#f47920",
        "#905a3d",
        "#fab27b",
        "#2a5caa",
        "#444693",
        "#726930",
        "#b2d235",
        "#6d8346",
        "#ac6767",
        "#1d953f",
        "#6950a1",
        "#918597"
    ],
    "series": [
        {
            "type": "heatmap",
            "data": [
                [
                    0,
                    0,
                    1.0
                ],
                [
                    0,
                    1,
                    0.8050915579756299
                ],
                [
                    0,
                    2,
                    0.030679705809171412
                ],
                [
                    0,
                    3,
                    -0.036276481371791215
                ],
                [
                    0,
                    4,
                    -0.050361441320837724
                ],
                [
                    0,
                    5,
                    -0.05890858919475074
                ],
                [
                    0,
                    6,
                    0.5905135611143334
                ],
                [
                    0,
                    7,
                    0.07358514533528789
                ],
                [
                    0,
                    8,
                    0.9992853166837192
                ],
                [
                    0,
                    9,
                    0.5914592632667525
                ],
                [
                    0,
                    10,
                    0.8577844382125952
                ],
                [
                    1,
                    0,
                    0.8050915579756299
                ],
                [
                    1,
                    1,
                    1.0
                ],
                [
                    1,
                    2,
                    0.08247715077214185
                ],
                [
                    1,
                    3,
                    0.3234683955373069
                ],
                [
                    1,
                    4,
                    -0.13102476601723662
                ],
                [
                    1,
                    5,
                    -0.22484697584739355
                ],
                [
                    1,
                    6,
                    0.45742181582354113
                ],
                [
                    1,
                    7,
                    0.07049653932684805
                ],
                [
                    1,
                    8,
                    0.805532171921421
                ],
                [
                    1,
                    9,
                    0.45985782517050466
                ],
                [
                    1,
                    10,
                    0.6801637576653001
                ],
                [
                    2,
                    0,
                    0.030679705809171412
                ],
                [
                    2,
                    1,
                    0.08247715077214185
                ],
                [
                    2,
                    2,
                    1.0
                ],
                [
                    2,
                    3,
                    0.2222898447919498
                ],
                [
                    2,
                    4,
                    -0.5901035977768317
                ],
                [
                    2,
                    5,
                    0.6631581515937164
                ],
                [
                    2,
                    6,
                    0.0710517949957496
                ],
                [
                    2,
                    7,
                    0.5221411446066555
                ],
                [
                    2,
                    8,
                    0.030539846890175776
                ],
                [
                    2,
                    9,
                    0.07226353839916551
                ],
                [
                    2,
                    10,
                    0.06100500673233697
                ],
                [
                    3,
                    0,
                    -0.036276481371791215
                ],
                [
                    3,
                    1,
                    0.3234683955373069
                ],
                [
                    3,
                    2,
                    0.2222898447919498
                ],
                [
                    3,
                    3,
                    1.0
                ],
                [
                    3,
                    4,
                    -0.032607638328415706
                ],
                [
                    3,
                    5,
                    -0.2357510264138018
                ],
                [
                    3,
                    6,
                    -0.08567716947988492
                ],
                [
                    3,
                    7,
                    0.22329408779048635
                ],
                [
                    3,
                    8,
                    -0.03775833935851437
                ],
                [
                    3,
                    9,
                    -0.08225558871223139
                ],
                [
                    3,
                    10,
                    -0.07154640647715181
                ],
                [
                    4,
                    0,
                    -0.050361441320837724
                ],
                [
                    4,
                    1,
                    -0.13102476601723662
                ],
                [
                    4,
                    2,
                    -0.5901035977768317
                ],
                [
                    4,
                    3,
                    -0.032607638328415706
                ],
                [
                    4,
                    4,
                    1.0
                ],
                [
                    4,
                    5,
                    -0.014031716086216927
                ],
                [
                    4,
                    6,
                    0.04898841676642848
                ],
                [
                    4,
                    7,
                    -0.1878120795818119
                ],
                [
                    4,
                    8,
                    -0.04884144457993071
                ],
                [
                    4,
                    9,
                    0.04707112313560703
                ],
                [
                    4,
                    10,
                    0.005898731035712882
                ],
                [
                    5,
                    0,
                    -0.05890858919475074
                ],
                [
                    5,
                    1,
                    -0.22484697584739355
                ],
                [
                    5,
                    2,
                    0.6631581515937164
                ],
                [
                    5,
                    3,
                    -0.2357510264138018
                ],
                [
                    5,
                    4,
                    -0.014031716086216927
                ],
                [
                    5,
                    5,
                    1.0
                ],
                [
                    5,
                    6,
                    0.10994495200393999
                ],
                [
                    5,
                    7,
                    0.4357250606232058
                ],
                [
                    5,
                    8,
                    -0.05749502124414339
                ],
                [
                    5,
                    9,
                    0.10892895831931225
                ],
                [
                    5,
                    10,
                    0.04136654164964802
                ],
                [
                    6,
                    0,
                    0.5905135611143334
                ],
                [
                    6,
                    1,
                    0.45742181582354113
                ],
                [
                    6,
                    2,
                    0.0710517949957496
                ],
                [
                    6,
                    3,
                    -0.08567716947988492
                ],
                [
                    6,
                    4,
                    0.04898841676642848
                ],
                [
                    6,
                    5,
                    0.10994495200393999
                ],
                [
                    6,
                    6,
                    1.0
                ],
                [
                    6,
                    7,
                    0.11396372754731023
                ],
                [
                    6,
                    8,
                    0.583002787328585
                ],
                [
                    6,
                    9,
                    0.9997083443791135
                ],
                [
                    6,
                    10,
                    0.921104618750185
                ],
                [
                    7,
                    0,
                    0.07358514533528789
                ],
                [
                    7,
                    1,
                    0.07049653932684805
                ],
                [
                    7,
                    2,
                    0.5221411446066555
                ],
                [
                    7,
                    3,
                    0.22329408779048635
                ],
                [
                    7,
                    4,
                    -0.1878120795818119
                ],
                [
                    7,
                    5,
                    0.4357250606232058
                ],
                [
                    7,
                    6,
                    0.11396372754731023
                ],
                [
                    7,
                    7,
                    1.0
                ],
                [
                    7,
                    8,
                    0.07408083992040672
                ],
                [
                    7,
                    9,
                    0.11263159518032505
                ],
                [
                    7,
                    10,
                    0.10894277236268875
                ],
                [
                    8,
                    0,
                    0.9992853166837192
                ],
                [
                    8,
                    1,
                    0.805532171921421
                ],
                [
                    8,
                    2,
                    0.030539846890175776
                ],
                [
                    8,
                    3,
                    -0.03775833935851437
                ],
                [
                    8,
                    4,
                    -0.04884144457993071
                ],
                [
                    8,
                    5,
                    -0.05749502124414339
                ],
                [
                    8,
                    6,
                    0.583002787328585
                ],
                [
                    8,
                    7,
                    0.07408083992040672
                ],
                [
                    8,
                    8,
                    1.0
                ],
                [
                    8,
                    9,
                    0.5838299766984322
                ],
                [
                    8,
                    10,
                    0.8528299112445861
                ],
                [
                    9,
                    0,
                    0.5914592632667525
                ],
                [
                    9,
                    1,
                    0.45985782517050466
                ],
                [
                    9,
                    2,
                    0.07226353839916551
                ],
                [
                    9,
                    3,
                    -0.08225558871223139
                ],
                [
                    9,
                    4,
                    0.04707112313560703
                ],
                [
                    9,
                    5,
                    0.10892895831931225
                ],
                [
                    9,
                    6,
                    0.9997083443791135
                ],
                [
                    9,
                    7,
                    0.11263159518032505
                ],
                [
                    9,
                    8,
                    0.5838299766984322
                ],
                [
                    9,
                    9,
                    1.0
                ],
                [
                    9,
                    10,
                    0.9213255080407419
                ],
                [
                    10,
                    0,
                    0.8577844382125952
                ],
                [
                    10,
                    1,
                    0.6801637576653001
                ],
                [
                    10,
                    2,
                    0.06100500673233697
                ],
                [
                    10,
                    3,
                    -0.07154640647715181
                ],
                [
                    10,
                    4,
                    0.005898731035712882
                ],
                [
                    10,
                    5,
                    0.04136654164964802
                ],
                [
                    10,
                    6,
                    0.921104618750185
                ],
                [
                    10,
                    7,
                    0.10894277236268875
                ],
                [
                    10,
                    8,
                    0.8528299112445861
                ],
                [
                    10,
                    9,
                    0.9213255080407419
                ],
                [
                    10,
                    10,
                    1.0
                ]
            ],
            "label": {
                "show": true,
                "position": "top",
                "margin": 8
            }
        }
    ],
    "legend": [
        {
            "data": [
                ""
            ],
            "selected": {
                "": true
            },
            "show": true,
            "padding": 5,
            "itemGap": 10,
            "itemWidth": 25,
            "itemHeight": 14
        }
    ],
    "tooltip": {
        "show": true,
        "trigger": "item",
        "triggerOn": "mousemove|click",
        "axisPointer": {
            "type": "line"
        },
        "showContent": true,
        "alwaysShowContent": false,
        "showDelay": 0,
        "hideDelay": 100,
        "textStyle": {
            "fontSize": 14
        },
        "borderWidth": 0,
        "padding": 5
    },
    "xAxis": [
        {
            "show": true,
            "scale": false,
            "nameLocation": "end",
            "nameGap": 15,
            "gridIndex": 0,
            "inverse": false,
            "offset": 0,
            "splitNumber": 5,
            "minInterval": 0,
            "splitLine": {
                "show": false,
                "lineStyle": {
                    "show": true,
                    "width": 1,
                    "opacity": 1,
                    "curveness": 0,
                    "type": "solid"
                }
            },
            "data": [
                "Pick\u573a\u6570",
                "\u603b\u51fb\u6740",
                "\u573a\u5747KDA",
                "\u573a\u5747\u51fb\u6740",
                "\u573a\u5747\u6b7b\u4ea1",
                "\u573a\u5747\u52a9\u653b",
                "\u88abBan\u573a\u6570",
                "\u80dc\u7387",
                "\u51fa\u573a\u7387",
                "Ban\u7387",
                "\u70ed\u5ea6"
            ]
        }
    ],
    "yAxis": [
        {
            "show": true,
            "scale": false,
            "nameLocation": "end",
            "nameGap": 15,
            "gridIndex": 0,
            "inverse": false,
            "offset": 0,
            "splitNumber": 5,
            "minInterval": 0,
            "splitLine": {
                "show": false,
                "lineStyle": {
                    "show": true,
                    "width": 1,
                    "opacity": 1,
                    "curveness": 0,
                    "type": "solid"
                }
            },
            "data": [
                "Pick\u573a\u6570",
                "\u603b\u51fb\u6740",
                "\u573a\u5747KDA",
                "\u573a\u5747\u51fb\u6740",
                "\u573a\u5747\u6b7b\u4ea1",
                "\u573a\u5747\u52a9\u653b",
                "\u88abBan\u573a\u6570",
                "\u80dc\u7387",
                "\u51fa\u573a\u7387",
                "Ban\u7387",
                "\u70ed\u5ea6"
            ]
        }
    ],
    "title": [
        {
            "padding": 5,
            "itemGap": 10
        }
    ],
    "visualMap": {
        "show": false,
        "type": "continuous",
        "min": -1,
        "max": 1,
        "inRange": {
            "color": [
                "#50a3ba",
                "#eac763",
                "#d94e5d"
            ]
        },
        "calculable": true,
        "inverse": false,
        "splitNumber": 5,
        "orient": "vertical",
        "showLabel": true,
        "itemWidth": 20,
        "itemHeight": 140,
        "borderWidth": 0
    }
};
        chart_fe31094ac724458289df4c2bb909dc39.setOption(option_fe31094ac724458289df4c2bb909dc39);
    </script>
</body>
</html>
